#' Common Marker Sets
#'
#' @name marker_sets
#' @export

#' @rdname marker_sets
core23 <- c("CSF1PO", "D1S1656", "D2S441", "D2S1338", "D3S1358", "D5S818",
            "D7S820", "D8S1179", "D10S1248", "D12S391", "D13S317", "D16S539",
            "D18S51", "D19S433", "D21S11", "D22S1045", "FGA", "TH01", "TPOX",
            "vWA", "SE33", "Penta D", "Penta E")

#' @rdname marker_sets
core24 <- c(core23, "D6S1043")


#' @rdname marker_sets
illumina_forenseq <- c("CSF1PO", "D1S1656", "D2S1338", "D2S441", "D3S1358",
                       "D4S2408", "D5S818", "D6S1043", "D7S820", "D8S1179",
                       "D9S1122", "D10S1248", "D12S391", "D13S317", "D16S539",
                       "D17S1301", "D18S51", "D19S433", "D20S482", "D21S11",
                       "D22S1045", "FGA", "Penta D", "Penta E", "TH01",
                       "TPOX", "vWA")

#' @rdname marker_sets
qiagen_investigator <- c("D2S1360", "D3S1744", "D4S2366", "D5S2500", "D6S474",
                         "D7S1517", "D8S1132", "D10S2325", "D21S2055", "SE33",
                         "D12S391", "D18S51")

#' @rdname marker_sets
promega_cs7 <- c("LPL", "F13B", "FESFPS", "F13A01", "Penta B", "Penta C",
                 "Penta D", "Penta E")

#' @rdname marker_sets
usc_aim <- c("D1S1679", "D2S427", "D3S2406", "D3S4545", "D5S1457", "D7S2201",
             "D9S1118", "D11S1304", "D12S297", "D14S1426", "D15S822",
             "D21S102", "D9S1120")

#' @rdname marker_sets
nist_mini <- c("D1S1627", "D1S1677", "D2S1776", "D3S3053", "D3S4529",
               "D4S2364", "D4S2408", "D5S2500", "D6S1017", "D6S1027", "D6S474",
               "D9S1122", "D9S2157", "D10S1435", "D11S4463", "D12ATA63",
               "D14S1434", "D17S1301", "D17S974", "D20S482")
